test_iter: 4
test_interval: 5
base_lr: 0.00999999977648
display: 1
max_iter: 1750
lr_policy: "step"
gamma: 0.10000000149
momentum: 0.899999976158
weight_decay: 9.99999974738e-05
stepsize: 578
snapshot: 50
snapshot_prefix: "snapshot"
solver_mode: GPU
net: "train_val.prototxt"
solver_type: SGD
